assets/sprites/mundo/atlas/Practica_atlas.png
20 20
32 25
5 4
385 100


1 20 20 20 0 0 0 0 0 0 0 0 0 0 0 0 0 0 0 0
1 20 20 20 20 20 20 20 20 20 20 20 20 20 20 20 20 20 20 1
1 20 20 20 20 20 20 20 20 20 20 20 20 20 20 20 20 20 20 1
1 20 18 20 20 20 20 20 20 20 20 20 20 20 20 20 20 20 20 1
1 18 20 20 20 20 18 16 16 20 20 20 18 16 20 20 18 16 20 1
1 20 20 20 20 20 20 20 20 20 20 20 20 20 20 20 20 20 20 1
1 20 20 20 18 16 20 20 20 20 20 20 20 20 20 20 20 20 20 1
1 20 20 20 20 20 20 20 20 20 20 20 20 20 20 20 20 20 20 1
1 18 16 16 18 16 16 18 16 16 18 20 20 20 20 18 16 16 15 1
1 20 20 20 20 20 20 20 20 20 20 20 20 20 20 0 0 0 0 1
1 20 20 20 20 20 20 20 20 20 20 20 20 20 20 20 20 20 20 1
1 20 20 20 20 20 18 16 20 20 20 20 20 20 20 20 20 20 20 1
1 16 16 20 20 20 20 20 20 20 20 20 20 20 20 20 20 20 20 1
1 20 20 20 20 20 20 20 20 20 20 20 20 20 20 20 20 20 20 1
1 20 20 20 20 20 20 18 16 20 20 20 16 16 20 20 18 16 20 1
1 20 20 20 20 20 20 20 20 20 20 20 20 20 20 20 20 20 20 1
1 20 20 20 18 16 20 20 20 20 20 20 20 20 20 20 20 20 20 20
1 18 16 16 16 18 16 16 20 20 20 20 20 20 20 20 20 20 20 20
1 1 0 0 0 0 0 0 0 0 1 20 20 20 20 20 20 20 20 20